seed: 198261346419
kbT: 4.114
eta: 0.001 # water
dt: 5e-5 #0.000005 # 0.00005 # 0.0002 # 0.00002
t_run: 60 # 1800 # 300 # 400 # 00
t_equil: 0
t_snapshot: 0.1
dynamic_equil_window: -1 
verbosity: 0
filaments:
  count: 1
  n_subfilaments: 1
  periodic_barrel: false
  radius: 12.5
  site_size: 8.2
  n_bd_per_kmc: 10
  n_sites: [5000]
  polarity: [0]
  x_initial: [0]
  y_initial: [0]
  x_immobile_until: [15000, 15000]
  y_immobile_until: [15000, 15000]
  rotation_enabled: [false, false]
  wca_potential_enabled: false
  f_applied: [0.0]
motors:
  n_runs_to_exit: -1 # 250
  gaussian_range: 0 # 1000 # 1200 # 1000
  gaussian_amp_solo: 0.95 # 1.3 # 0.95
  gaussian_ceiling_bulk: 4.75 # 4.0 # 4.75
  gaussian_stepping_coop: false # true
  neighb_neighb_energy: 0.0 # 1.6 # 1.75 # 1.6
  t_active: 0
  k_on: 0.00179 # 0.00358 # 0.0179 # 0.00358 # 0.00179 # 0.000358 # x1.4
  c_bulk: 1.89 #0.189 # 10 # 18.9 # # 200 # 0 # 0.05
  c_eff_bind: 4000000 # 4000000
  k_on_ATP: 2500
  c_ATP: 2
  k_hydrolyze: 75 # 110 # 0.1 # 10 # 50 # 110 # vs 95 for kif4a
  k_off_i: 40 #175 # 175 # 40 # 50 # 10 # 30 # 10 #  vs 8 for kif4a
  k_off_ii: 260 # 2375 # 260
  applied_force: 0.0
  internal_force: 26.0 # 0.0 # 26.0
  sigma_off_i: 2.0 # vs 1.0 for kif4a
  sigma_off_ii: 0.35 # vs 0.125 for kifa
  sigma_ATP: 4.6 # vs 1.15 for kif4a
  endpausing_active: true
  tethers_active: false
  k_tether: 0.1
  c_eff_tether: 500
  k_untether: 0.05
  r_0: 120
  k_spring: 0.1325
  k_slack: 0.0265
xlinks:
  neighb_neighb_energy: 0.2 # 1.75 # 75 # 2.25
  t_active: 0
  k_on: 0.00238 # x10
  c_bulk: 0 # 100 # 50 # 0
  c_eff_bind: 5000
  k_off_i: 0.143 
  k_off_ii: 0.0143
  d_i: 0.0131 # 0.131 # /10
  d_ii: 0.0655
  d_side: 0.131 # 0.131 # 0.0131 # 0.0 # 0.000131
  r_0: 32
  k_spring: 0.453
  theta_0: 90
  k_rot: 0 # 1000
  p_diffuse_off_end: 0.1


